1 0 1 7 1 2:1.0:7575
 2 10833 2 9 5 1 13:48.0:8325
 3 13122 2 3 11 1 7:4.0:6477
 8 70364 1 1 1 6:1.0:8345
 10 72364 1 1 1 2:1.0:6705
 11 73819 1 1 1 5:1.0:5474
 13 81831 14 2 3 6 7 12 3 7 8 15 16 5 6 7 8 1 10:14.0:7295
 15 88336 1 4 1 16:1.0:7382
 17 96411 1 16 1 11:1.0:5687
 18 97110 1 15 1 5:1.0:5719
 19 102191 3 9 8 3 1 9:186.0:7485
 20 111796 7 2 12 5 14 14 4 1 1 14:7.0:9437
 21 112841 1 9 1 7:1.0:5738
 22 114822 1 15 1 16:1.0:9510
 23 120029 1 15 1 5:1.0:5328
 24 132130 3 15 11 1 1 15:3.0:8819
 25 143440 2 4 16 1 6:42.0:5082
 27 152343 1 10 1 16:1.0:5771
 28 156571 1 9 1 3:1.0:8174
 29 158670 7 1 2 7 5 8 16 14 1 3:7.0:6970
 30 158801 7 8 4 9 14 15 2 7 1 10:7.0:5597
 31 159058 7 1 2 7 5 8 16 14 1 9:7.0:6429
 32 159493 7 1 2 5 8 15 16 14 1 15:7.0:5030
 33 159563 7 4 9 14 10 15 2 7 1 10:7.0:6779
 34 159900 7 2 11 15 10 16 14 5 1 16:7.0:9471
 35 161565 7 1 9 14 9 10 2 7 1 14:7.0:9152
 36 163000 7 14 9 10 15 10 7 11 1 4:7.0:5403
 38 169260 1 12 1 5:1.0:7786
 39 199845 15 11 14 15 7 8 12 9 12 13 15 16 4 12 15 6 5 12:75.0:8281 3:75.0:5271 7:75.0:7544 2:75.0:8178 14:75.0:9989
 40 199899 14 14 15 7 13 8 12 12 13 13 15 16 4 6 15 5 2:70.0:7034 11:70.0:5374 6:70.0:9072 10:70.0:9700 15:70.0:6056
 41 200369 7 2 8 11 15 10 5 14 1 6:7.0:6812
 42 200379 15 11 15 3 7 8 12 9 12 13 15 16 4 12 15 6 5 14:60.0:9545 9:60.0:5172 14:60.0:9917 15:60.0:7309 9:60.0:8438
 43 200554 7 2 8 11 15 10 5 14 1 13:7.0:5469
 44 200702 7 4 10 15 12 10 7 11 1 12:7.0:6575
 45 200762 15 11 15 7 10 8 12 9 12 13 15 16 4 12 15 6 5 2:60.0:9287 5:60.0:9780 12:60.0:8357 14:60.0:5421 8:60.0:9324
 46 201834 7 1 2 7 5 8 5 14 1 1:7.0:7526
 47 202238 15 11 15 3 7 8 12 6 12 13 15 16 2 4 12 15 5 4:60.0:9310 13:60.0:7581 3:60.0:5007 7:60.0:6746 13:60.0:8779
 48 203314 7 1 14 9 10 10 2 7 1 15:7.0:8573
 49 203335 7 8 1 7 9 14 9 2 1 5:7.0:8591
 50 204829 15 15 7 16 8 12 12 13 15 16 4 6 12 11 15 6 4 15:75.0:9916 1:135.0:8135 9:75.0:9647 3:75.0:7922
 51 207442 7 1 2 7 5 5 14 5 1 8:7.0:9448
 52 225729 7 8 10 14 15 7 5 16 1 10:7.0:7053
 53 236998 1 6 1 4:6.0:6081
 54 238735 5 4 3 16 10 5 2 15:5.0:8490 5:5.0:5826
 55 246572 13 4 9 15 1 4 6 7 8 13 1 4 9 7 1 15:13.0:8865
 57 256118 4 3 12 5 4 1 3:4.0:6625
 59 286781 2 12 10 1 14:92.0:6467
 60 299478 2 8 7 1 7:2.0:7282
 61 343147 14 1 4 9 6 9 10 14 15 5 12 2 8 4 7 1 10:14.0:8024
 62 344105 3 13 12 5 1 13:3.0:6596
 64 344564 13 8 4 9 9 10 15 5 12 8 4 7 11 15 1 12:13.0:9315
 67 346893 14 8 1 4 7 9 14 15 5 6 12 8 4 11 15 1 13:14.0:8864
 69 350621 2 5 8 1 2:62.0:7958
 70 351647 7 13 14 4 4 10 6 10 1 10:7.0:5615
 72 355947 14 5 8 1 4 9 10 15 5 6 12 8 7 11 15 1 12:14.0:9575
 76 378596 1 12 1 16:1.0:5106
 77 379166 1 1 1 13:1.0:8476
 78 382931 1 1 1 14:1.0:7609
 84 400835 2 5 12 1 8:152.0:8305
 85 401198 12 9 6 9 10 14 15 5 12 4 7 9 11 1 13:12.0:9411
 87 401374 14 1 4 6 9 10 14 15 5 12 10 4 7 9 11 1 16:14.0:9528
 90 409142 13 5 1 4 7 6 9 10 5 12 10 2 9 11 1 15:13.0:8525
 93 416387 5 10 11 6 6 8 1 15:5.0:9752
 94 436579 2 15 1 1 11:42.0:8371
 95 446316 7 10 16 15 4 3 2 13 1 3:7.0:6815
 96 463484 1 4 1 1:1.0:5675
 97 465043 1 2 1 12:1.0:5386
 98 466446 1 10 1 15:1.0:9908
 99 468456 1 6 1 11:1.0:7216
 100 470780 1 15 1 6:1.0:8856
 101 478976 1 14 1 8:1.0:5738
 103 504629 13 6 11 13 2 9 13 15 15 2 5 9 7 9 1 10:13.0:9592
 104 505833 1 2 1 10:1.0:8526
 105 506574 1 2 1 5:1.0:7703
 106 514699 1 12 1 2:1.0:8590
 107 517283 1 6 1 2:423.0:9953
 108 519773 4 13 10 14 15 15 15:8.0:5095 7:8.0:6337 16:8.0:9966 4:8.0:8739 14:8.0:7728 4:20.0:8185 7:12.0:8301 8:8.0:5327 13:8.0:8959 5:8.0:9622 10:8.0:9666 4:8.0:5662 7:8.0:8622 4:8.0:5201 7:8.0:7012
 109 524845 1 9 1 11:1.0:6804
 110 532506 4 16 12 4 14 1 14:4.0:5914
 111 540212 3 2 14 4 1 7:180.0:7126
 112 557742 1 12 1 6:583.0:9841
 113 571732 1 1 1 1:1.0:7928
 114 620778 10 2 9 14 15 7 2 13 16 7 2 3 7:710.0:6382 15:710.0:9277 10:580.0:9431
 115 623599 5 1 16 8 10 15 2 14:5.0:6354 9:5.0:8851
 117 624183 13 1 4 7 14 9 10 14 5 10 8 4 11 15 1 12:13.0:8649
 119 624585 13 5 1 7 6 9 10 14 5 6 12 10 9 11 1 16:13.0:7353
 122 626813 13 5 8 4 14 6 14 15 5 6 10 7 9 11 1 1:13.0:6699
 124 644354 3 10 15 8 1 2:6.0:5783
 125 644376 3 10 2 8 1 4:6.0:5284
 126 644414 3 10 2 8 1 2:3.0:9340
 127 644654 3 10 2 8 1 6:6.0:5228
 128 644803 3 10 3 2 1 4:3.0:7109
 129 645262 3 10 2 8 1 9:6.0:8101
 130 646334 3 10 2 8 1 10:3.0:5927
 131 647263 3 10 3 2 1 10:6.0:7398
 132 647672 3 10 3 2 1 12:6.0:7920
 133 650302 3 10 15 8 1 2:3.0:9952
 134 652556 1 1 1 5:638.0:5419
 137 663869 2 6 14 1 14:42.0:9266
 142 672544 1 4 1 16:1.0:5365
 143 673242 13 1 4 9 10 14 5 12 10 4 7 9 11 15 1 3:13.0:7533
 144 678502 3 10 2 8 1 9:6.0:9353
 146 686680 1 1 1 5:1.0:7416
 147 688245 1 1 1 15:1.0:5731
 149 689798 1 8 1 6:1.0:9618
 150 690661 1 8 1 5:1.0:9989
 152 694454 13 8 4 6 14 15 6 12 10 2 4 7 9 11 1 2:13.0:8576
 161 708737 2 10 5 1 5:104.0:9177
 164 715089 14 8 1 4 7 9 10 15 5 6 12 8 4 11 15 1 11:14.0:8772
 166 725110 1 9 1 16:1.0:8078
 168 729040 1 8 1 5:1.0:9553
 169 729440 1 16 1 8:1.0:8615
 170 738662 7 7 9 16 6 2 3 5 1 1:7.0:9191
 171 738698 1 9 1 16:1.0:9690
 172 738844 14 5 8 1 4 9 6 14 15 5 6 12 2 7 9 1 5:14.0:8293
 173 739014 1 1 1 2:1.0:8188
 174 739143 1 8 1 16:1.0:5639
 175 743391 5 7 4 9 6 8 1 3:5.0:8495
 176 762947 1 2 1 1:1.0:5463
 177 763655 3 2 6 2 1 14:3.0:5471
 178 789410 14 2 6 13 14 16 1 4 5 13 14 2 4 7 8 1 4:14.0:6935
 179 792989 15 1 3 11 12 13 1 3 9 14 1 2 3 4 5 5 1 6:15.0:8868
 181 805592 1 7 1 2:1.0:9335
 184 835883 1 2 1 13:1.0:6157
 185 838143 2 9 6 1 14:50.0:8474
 186 854810 1 9 1 7:2.0:7723
 188 865209 7 16 1 7 5 12 3 16 1 6:7.0:7076
 190 882319 7 8 4 9 10 15 5 12 1 5:7.0:7859
 191 882759 7 16 7 5 11 12 3 16 1 9:7.0:8850
 192 883705 7 8 1 4 7 5 12 10 1 9:7.0:5584
 193 884016 7 1 7 5 9 12 3 16 1 8:7.0:9517
 194 884261 7 8 4 14 15 5 10 7 1 8:7.0:9615
 195 885868 7 8 1 7 14 9 5 10 1 13:7.0:9295
 196 886235 7 2 5 11 9 15 3 16 1 14:7.0:7805
 197 908740 2 15 8 1 15:42.0:7656
 199 924655 1 7 1 6:1.0:8205
 200 927091 4 12 4 15 14 1 12:4.0:5331
 202 930328 7 16 7 11 12 3 10 5 1 16:7.0:9872
 203 932179 7 2 11 9 15 3 10 16 1 9:7.0:6729
 204 932198 1 15 1 9:1.0:6987
 205 936501 7 8 1 7 9 5 12 10 1 12:7.0:8302
 206 939494 7 11 9 12 15 3 10 5 1 15:7.0:6970
 208 943979 13 10 15 16 2 9 10 7 1 6 5 10 6 10 1 6:13.0:8980
 210 950200 7 7 9 9 10 15 12 8 1 13:7.0:5390
 212 974300 1 12 1 7:1.0:8088
 213 975344 1 1 1 10:1.0:6173
 214 979448 1 11 1 8:1.0:6708
 216 982211 1 1 1 7:1.0:6843
 217 982302 7 16 11 12 15 3 10 5 1 10:7.0:6547
 218 985753 1 1 1 9:1.0:6304
 220 994724 7 4 7 9 14 10 15 5 1 12:7.0:8875
 221 998420 1 6 1 12:1.0:6679
 222 1006659 5 10 6 1 12 5 2 13:5.0:7111 16:5.0:5903
 223 1019917 1 15 1 15:1.0:5029
 227 1047654 1 13 1 5:1.0:5344
 228 1051317 12 6 5 15 5 8 13 7 1 7 15 15 3 15 7:48.0:5425 14:48.0:6819 7:48.0:9607 11:48.0:5767 12:48.0:8020 7:96.0:9164 11:60.0:6601 12:48.0:9450 8:48.0:9884 9:48.0:6342 7:48.0:5859 10:48.0:6118 5:48.0:9097 15:48.0:8186 12:48.0:8104
 229 1057490 1 3 1 2:1.0:8031
 230 1064310 10 16 1 15 12 2 9 4 15 3 6 3 15:10.0:7938 8:10.0:5536 16:10.0:7145
 231 1064428 1 7 1 6:1.0:8724
 232 1065343 1 5 1 13:1.0:6164
 233 1065823 3 14 7 5 1 5:3.0:7486
 235 1088625 8 4 12 6 5 4 5 14 2 1 2:8.0:8392
 236 1089728 3 1 14 6 1 8:180.0:9172
 238 1104448 1 10 1 8:18.0:5278
 239 1104737 6 4 10 5 10 15 1 2 4:6.0:7899 16:6.0:5417
 240 1105579 1 11 1 7:1.0:6381
 242 1110390 1 9 1 10:1.0:8887
 243 1110605 2 7 11 1 4:110.0:8244
 246 1123056 13 1 6 9 13 8 9 3 4 5 9 6 8 10 1 10:13.0:9883
 248 1146032 1 8 1 11:1.0:5481
 249 1154026 1 2 1 4:1.0:8846
 250 1156168 4 7 7 12 16 1 14:4.0:8826
 254 1201530 7 14 5 7 11 1 13 3 7 8:1386.0:7092 11:1386.0:5911 15:1484.0:6805 16:1386.0:6892 5:1386.0:5306 2:1386.0:7365 3:1386.0:6164
 258 1254423 15 5 1 4 9 14 6 10 14 15 5 6 2 7 8 9 1 14:15.0:6313
 259 1254949 13 7 9 14 6 9 10 14 15 5 2 4 8 9 1 4:13.0:8908
 260 1257406 13 8 1 4 7 9 14 6 10 5 6 2 4 9 1 4:13.0:9196
 262 1260400 15 1 4 7 14 6 9 10 14 15 5 10 2 4 8 9 1 6:15.0:7712
 264 1275237 1 1 1 3:1.0:8489
 265 1287104 1 1 1 8:1.0:8313
 266 1303220 1 12 1 10:1.0:7283
 267 1333897 2 3 15 1 7:2.0:9501
 268 1333929 1 11 1 3:1.0:5225
 270 1337495 2 11 13 1 8:46.0:7696
 271 1345695 14 1 4 7 14 6 10 14 5 6 10 8 4 8 11 1 12:14.0:9880
 273 1355876 1 3 1 16:1.0:7898
 275 1368144 15 5 1 4 10 14 15 6 12 10 2 7 8 9 11 15 1 15:15.0:7454
 276 1380974 1 16 1 14:1.0:6037
 277 1386999 1 7 1 13:1.0:5320
 278 1389723 1 9 1 1:1.0:6264
 279 1395068 1 5 1 8:1.0:7555
 280 1416828 1 4 1 16:1.0:7922
 281 1416964 2 7 13 1 4:48.0:7047
 283 1420925 1 10 1 7:1.0:7778
 284 1432982 1 14 1 1:1.0:7188
 285 1447009 1 10 1 16:1.0:6026
 286 1468136 13 8 1 7 9 10 5 12 10 4 8 9 11 15 1 13:13.0:9385
 287 1474304 14 10 11 13 15 13 15 16 1 16 5 3 7 9 4 1 11:812.0:6404
 288 1494876 1 7 1 6:1.0:6057
 289 1501167 8 9 15 10 12 1 9 11 12 3 1:232.0:9532 3:208.0:7649 13:208.0:5482
 290 1524630 1 14 1 10:1.0:9550
 291 1528349 1 12 1 10:1.0:9026
 293 1549733 14 3 4 16 4 5 6 7 8 12 15 1 3 8 7 1 6:14.0:9984
 296 1553049 2 4 7 1 9:2.0:7360
 297 1553984 5 1 12 10 16 1 2 6:5.0:8151 7:5.0:9796
 298 1555102 1 2 1 13:6.0:8301
 300 1579924 1 1 1 6:1.0:5496
 301 1580321 1 1 1 5:1.0:7655
 302 1586042 1 1 1 1:1.0:9151
 304 1607074 1 1 1 11:1.0:8781
 305 1615002 2 12 7 1 7:246.0:5890
 306 1619139 1 14 1 14:1.0:5178
 308 1631547 1 3 1 9:1.0:6047
 309 1633942 1 6 1 2:1.0:9789
 310 1676792 15 5 8 1 4 6 9 10 15 5 12 10 2 8 7 8 1 10:15.0:9077
 311 1677544 12 5 4 9 10 15 6 12 7 8 9 11 15 1 12:12.0:6603
 315 1681598 14 8 1 4 9 9 14 5 12 2 8 4 7 8 15 1 8:14.0:6085
 316 1683242 14 5 8 1 4 9 6 14 15 6 12 8 7 8 11 1 4:14.0:5039
 318 1688198 1 7 1 1:1.0:7624
 319 1688420 1 1 1 13:1.0:8668
 320 1688779 1 5 1 12:1.0:9954
 321 1689673 1 7 1 4:1.0:5774
 322 1694294 1 12 1 4:1.0:5202
 325 1703980 2 10 12 1 12:44.0:7444
 329 1730685 13 5 1 4 7 9 14 10 14 5 6 8 11 15 1 8:13.0:6751
 331 1741366 8 1 10 12 6 11 16 8 14 1 10:8.0:8643
 332 1749611 14 5 1 4 9 10 5 12 10 2 8 7 8 11 15 1 1:14.0:9990
 336 1782553 13 7 9 9 10 14 15 5 12 8 4 8 11 15 1 7:13.0:5718
 338 1785902 6 3 5 2 10 3 5 7 5:1476.0:7930 7:1476.0:7731 3:1476.0:5088 7:1476.0:9573 2:1476.0:7619 10:1482.0:6289 1:1482.0:6783
 339 1786170 1 7 1 1:7.0:9750
 345 1826494 1 8 1 12:1.0:6419
 347 1833807 13 2 7 9 11 12 4 10 12 9 12 14 2 5 1 11:13.0:7467
 348 1835833 2 15 14 1 7:44.0:9754
 349 1840377 3 11 15 2 1 3:192.0:8506
 350 1879621 1 12 1 9:1.0:5267
 353 1884641 1 12 1 7:1.0:7718
 354 1885981 1 12 1 13:1.0:5584
 355 1904334 14 15 6 13 13 7 13 1 3 11 15 5 9 12 15 1 6:14.0:9921
 356 1911423 1 12 1 2:1.0:9671
 359 1929147 1 13 1 9:1.0:9347
 362 1952306 5 5 9 7 16 8 2 11:5.0:9642 1:5.0:9749
 363 1972043 4 3 9 7 8 1 16:4.0:7366
 364 1981782 2 6 2 1 8:44.0:8579
 366 2020907 2 7 2 1 13:2.0:6489
 371 2047333 2 16 16 1 2:102.0:9559
 372 2063050 4 4 6 8 9 1 8:4.0:9654
 375 2088964 1 15 1 1:1.0:6022
 377 2117509 1 7 1 4:1.0:7238
 382 2172630 16 8 10 2 3 10 11 12 3 11 1 2 3 14 15 4 8 2 13:80.0:7441 2:80.0:5563
 385 2179765 15 1 3 4 10 13 4 9 9 3 12 13 11 13 11 12 1 10:15.0:8254
 386 2184440 1 1 11 3:3.0:9135 11:3.0:5134 12:3.0:9712 14:6.0:7621 2:3.0:5174 13:2.0:8995 14:6.0:5526 16:3.0:9560 3:3.0:6499 8:3.0:5983 12:3.0:6617
 389 2218299 1 7 16 2:2.0:5483 7:1.0:8719 12:2.0:9650 13:1.0:5472 1:1.0:6345 8:1.0:6981 13:1.0:8017 15:1.0:7385 2:2.0:7177 9:1.0:8272 7:1.0:5537 9:1.0:9758 1:1.0:6080 7:1.0:5809 15:2.0:9760 7:1.0:8382
 390 2221677 5 11 6 11 5 13 2 12:5.0:7655 9:5.0:9030
 391 2223627 2 1 16 1 9:48.0:5343
 392 2224810 2 10 6 1 11:44.0:6965
 395 2244867 1 9 1 8:1.0:5105
 397 2257801 1 1 1 1:1.0:6342
 399 2285428 1 16 1 2:1.0:9350
 407 2355881 3 7 8 7 1 4:189.0:7030
 410 2371539 11 8 3 1 4 10 8 10 3 8 10 16 1 12:11.0:8245
 415 2431032 6 7 13 14 7 3 5 1 1:6.0:5079
 417 2435756 3 5 3 13 5 4:3.0:8217 3:3.0:6704 9:3.0:6393 1:3.0:7431 12:3.0:9374
 419 2458751 2 9 1 1 9:94.0:6733
 422 2463635 5 3 12 16 7 6 2 15:5.0:8335 10:5.0:5009
 423 2489179 2 3 4 3 8:98.0:5911 7:98.0:8346 16:98.0:8812
 424 2501666 15 16 5 3 5 8 4 13 14 3 11 16 2 16 3 5 15 2:390.0:8074 9:360.0:8452 5:360.0:9983 10:360.0:5252 14:360.0:7364 9:360.0:7304 12:390.0:5720 4:360.0:7155 6:360.0:5779 14:360.0:6678 9:360.0:8439 15:360.0:9772 4:360.0:5677 11:360.0:9049 2:705.0:8815
 425 2502623 2 5 8 1 16:40.0:5869
 426 2510811 15 5 1 12 16 1 8 10 15 7 8 12 12 6 8 5 15 8:120.0:8898 9:120.0:9737 14:120.0:7687 6:120.0:7378 9:120.0:6001 12:120.0:9262 2:120.0:6170 7:240.0:6066 11:120.0:5996 13:120.0:9294 7:135.0:5950 8:120.0:9213 11:120.0:8972 8:120.0:8246 7:120.0:6296
 427 2516372 1 12 1 3:1.0:9746
 428 2520623 13 1 8 3 3 2 6 7 1 16 3 8 15 4 14 9:520.0:5240 15:260.0:7416 16:260.0:8099 1:260.0:6305 3:260.0:9248 13:260.0:8583 15:299.0:5436 1:260.0:9735 5:260.0:9915 2:533.0:5347 6:260.0:7955 12:260.0:5985 2:260.0:5719 16:260.0:5588
 429 2522200 1 9 1 7:1.0:5882
 430 2525262 1 12 1 12:1.0:6432
 432 2548244 1 14 1 14:1.0:6623
 433 2557247 1 9 1 10:1.0:9085
 434 2562322 1 10 1 16:1.0:8458
 435 2575435 2 9 4 1 16:50.0:9307
 440 2693515 7 6 8 8 1 4 3 14 2 15:14.0:6615 11:14.0:9845
 444 2704237 1 12 1 12:2.0:5760
 450 2717553 12 8 13 8 2 12 13 16 6 8 9 12 2 1 13:12.0:5531
 452 2746133 3 3 15 5 1 5:3.0:9850
 453 2749575 2 7 1 1 6:50.0:8177
 454 2772324 2 3 4 1 5:2.0:9153
 455 2772381 3 4 7 13 1 7:3.0:6457
 456 2772929 2 4 12 1 3:2.0:8402
 459 2786189 2 6 12 1 5:2.0:6684
 460 2789166 5 14 4 10 2 3 2 10:5.0:9722 16:5.0:5040
 461 2790568 3 14 16 9 1 10:180.0:5256
 464 2838492 2 12 9 1 15:222.0:7460
 466 2940816 2 4 11 1 9:50.0:9802
 467 2947018 2 3 6 1 5:42.0:6621
 468 2953221 4 5 10 8 9 1 14:4.0:9703
 469 2953773 1 9 1 12:2.0:8422
 470 2963844 1 14 1 5:1.0:8543
 471 3026857 5 5 14 15 13 16 2 1:5.0:5297 13:5.0:5824
 472 3028191 2 13 5 1 12:10.0:6563
 473 3045658 1 1 1 11:59.0:6803
 474 3045665 2 14 14 1 2:276.0:7109
 475 3046515 3 15 10 5 1 13:837.0:5934
 476 3046720 2 15 6 1 4:90.0:9886
 477 3048054 2 1 9 1 10:2.0:7523
 478 3048205 2 1 8 1 4:2.0:7381
 479 3048666 3 2 1 3 1 11:165.0:6002
 480 3048944 4 13 14 1 2 1 10:1180.0:9695
 481 3049206 2 1 8 1 3:236.0:7598
 482 3049971 5 4 9 8 1 3 2 14:235.0:6092 9:235.0:9012
 486 3093149 2 16 6 1 12:4.0:7191
 488 3118135 2 13 2 1 10:2.0:8038
 490 3141233 1 16 1 1:7.0:5113
 491 3173877 2 11 15 1 10:88.0:8725
 492 3181287 2 9 8 1 8:2.0:9767
 493 3192208 3 3 1 11 1 9:189.0:6916
 495 3222223 1 13 1 15:3.0:5603
 497 3237120 2 11 7 3 7:2.0:8435 9:2.0:8196 10:8.0:8104
 499 3258038 2 16 4 1 9:82.0:9713
 500 3267253 2 7 4 1 13:48.0:9089
 501 3292191 5 2 3 3 12 12 2 15:5.0:6823 10:5.0:6482
 502 3305769 1 13 1 8:1.0:6883
 504 3363358 2 3 6 1 4:2.0:8019
 505 3369861 2 6 12 1 8:2.0:7461
 506 3380267 2 4 8 1 4:2.0:7103
 507 3381762 3 1 16 14 1 2:27.0:6027
 508 3383526 5 4 9 10 4 11 1 4:30.0:5409
 509 3385153 1 14 1 4:11.0:9845
 512 3462864 1 2 1 10:1.0:5678
 513 3486307 5 5 4 7 7 11 1 5:5.0:5071
 515 3488741 4 7 9 4 11 1 13:128.0:8539
 516 3489368 5 1 5 6 2 5 1 13:5.0:7291
 517 3491772 1 2 1 5:1.0:9930
 518 3532053 2 3 12 1 11:38.0:8616
 520 3533728 5 4 5 9 7 3 1 11:5.0:7620
 521 3559303 5 11 6 1 9 13 2 1:5.0:6044 9:5.0:9052
 522 3573596 3 2 10 5 1 11:159.0:6686
 523 3593266 1 8 1 12:1.0:7378
 524 3610872 1 6 1 7:3.0:8441
 525 3627156 4 7 4 5 11 1 14:32.0:6627
 526 3629235 2 12 16 1 13:10.0:8444
 
